structure(list(window = structure(list(type = "polygonal", xrange = c(548.816500001073, 
630.745499997418), yrange = c(1461.91274999519, 1493.61362499478
), bdry = list(structure(list(x = c(586.381562502964, 588.29734540242, 
589.769004701234, 590.62055450139, 591.621785994784, 592.557610402481, 
593.191555903138, 594.127380299796, 594.489634894855, 594.942453097374, 
595.395271405118, 595.697150202492, 596.089592705208, 596.451847304393, 
597.117000004374, 597.70387499625, 598.060937499942, 598.453062498902, 
598.724125000427, 598.893062495079, 599.215000002959, 599.553312495195, 
599.613187494789, 599.877500000921, 600.093874995668, 600.332625003178, 
600.564874998045, 600.771499995518, 600.869874996945, 600.968187500019, 
601.053750000322, 601.1058125022, 601.122375000964, 601.218374995817, 
601.326079811339, 601.63761446359, 601.891942932077, 602.306853404558, 
602.743847331968, 603.210312496302, 603.882625003701, 604.468875003101, 
605.026374997031, 605.612687499439, 606.010937500357, 606.18293749859, 
606.695874995767, 607.151499996844, 607.476562499305, 607.788562502703, 
608.011562503654, 608.24412499461, 608.521999995868, 608.827062497382, 
609.279312497882, 609.468164501154, 609.693499997746, 609.780187500921, 
610.209437505285, 610.604374994772, 610.881500004272, 611.203125004424, 
611.66824999864, 612.009187501894, 612.318250002394, 612.643125001185, 
612.936000000252, 613.222749998368, 613.511062504639, 613.570000002047, 
613.837624996404, 614.016812496888, 614.083749999869, 614.245125002783, 
614.51043749549, 614.767624996376, 614.93962500159, 615.060624998315, 
615.313000004497, 615.766500004464, 616.168875000161, 616.513499997875, 
616.928562505017, 617.285937496146, 617.678312503488, 617.968562498761, 
618.287375000459, 618.622125005171, 619.01418749902, 619.35837499678, 
619.571812502035, 619.906312498542, 620.294875000882, 620.546437499651, 
620.886937494973, 621.208625000078, 621.613000003752, 622.084187496893, 
622.393124997301, 622.644687504056, 623.036375003463, 623.44093749797, 
623.682937502998, 623.95950000255, 624.121812505325, 624.296749998981, 
624.424062499982, 624.735812495303, 625.114312497415, 625.26368750539, 
625.347750005146, 625.489124994976, 625.524312504596, 625.7044867349, 
626.101016646951, 626.470249938158, 626.63207303925, 626.659600638068, 
626.702810446012, 626.722801525415, 626.808066233443, 627.087799863585, 
627.248596790952, 627.407197698293, 627.523250001161, 627.849687500058, 
628.080812502635, 628.292937497074, 628.593499996002, 628.89357022896, 
629.264463897155, 629.44078569573, 629.638184513357, 629.813618199579, 
630.064164891632, 630.084255417683, 630.151171228223, 630.159107686855, 
630.234414021334, 630.306494995347, 630.36309314377, 630.444136561624, 
630.476259417275, 630.479562723689, 630.492312496357, 630.512250005027, 
630.574250004567, 630.607187504107, 630.650250004279, 630.665749995092, 
630.674687497917, 630.679375001247, 630.709812495355, 630.727999996322, 
630.730500003592, 630.73937499626, 630.745499997418, 630.652937497368, 
630.576500004978, 630.420250003417, 630.270562497961, 630.095312504918, 
629.971124997705, 629.830999996765, 629.706749996407, 629.522062501801, 
629.340562504505, 629.130187498788, 628.817999996236, 628.607562502731, 
628.425499998429, 628.269124998261, 628.245937503713, 628.17325000054, 
628.089750004213, 628.031687495927, 628.031187503631, 628.037062499424, 
628.030437505281, 628.020625004541, 627.988499995178, 627.940437499865, 
627.898937496052, 627.854500001336, 627.791312495073, 627.725125000345, 
627.68087499958, 627.611187502255, 627.557187502444, 627.452000004146, 
627.346812494979, 627.279749995102, 627.186875000756, 627.116374998687, 
626.997749994836, 626.952562496867, 626.932874998296, 626.934247497664, 
626.93531250402, 626.982500004619, 627.023374998675, 627.038999998404, 
627.029125004125, 626.990562501828, 626.932812498197, 626.785562498239, 
626.692875000526, 626.625625004187, 626.567812502312, 626.538687499694, 
626.551000003848, 626.64556250344, 626.731125002915, 626.863999997514, 
626.9553749963, 627.059312494638, 627.119062500322, 627.21106250358, 
627.439999999101, 627.58631250167, 627.67881249702, 627.806312504497, 
628.029249997563, 628.16612499975, 628.31568750071, 628.410937499627, 
628.445562495112, 628.426062494986, 628.374562502775, 628.230812494688, 
627.892062504683, 627.671750001404, 627.374562496119, 627.134749994814, 
626.942687495152, 626.811500002216, 626.709562497096, 626.622937502065, 
626.52062500195, 626.443687497103, 626.429624998272, 626.441749996665, 
626.488812504886, 626.513749998081, 626.497312497363, 626.44912500482, 
626.378562503555, 626.298624999255, 626.244187497894, 626.202624995806, 
626.16312500058, 626.119625002961, 626.014625000662, 625.944562495061, 
625.826625002931, 625.616062501746, 625.398437497678, 625.127687496592, 
624.964874997108, 624.750937502149, 624.591249996556, 624.374249997552, 
624.138000003579, 623.981500004423, 623.815500004155, 623.525749996679, 
623.334812505016, 623.214000002541, 623.163437504213, 623.09531249602, 
623.045749996537, 622.985375005368, 622.915499998761, 622.886875001093, 
622.750187504247, 622.499062496695, 622.254062494931, 622.08231249824, 
621.748375005353, 621.500125004578, 621.213749994608, 620.84787500413, 
620.669687501114, 620.447187497306, 620.269312501585, 620.164625002844, 
620.00931249598, 619.911125000363, 619.848312499404, 619.826874995881, 
619.875562494808, 619.89868749889, 619.944062505328, 619.983124997553, 
619.974437499221, 619.959249995543, 620.023937504462, 620.085437499468, 
620.172124998263, 620.297250002805, 620.43512500472, 620.617562503502, 
620.729625003183, 620.857812499012, 621.034062498341, 621.181375001857, 
621.261499999841, 621.344875003955, 621.508499996769, 621.716687503403, 
621.91881250498, 622.028375003161, 622.052829402296, 622.056014298216, 
622.068833105276, 622.083875004832, 622.101000004934, 622.082374999554, 
622.047999998052, 621.994687501361, 621.934687503914, 621.865124996452, 
621.773125003956, 621.639624996516, 621.534687501304, 621.464687499292, 
621.381999999432, 621.293000004262, 621.200812503316, 621.080125002369, 
620.915062499077, 620.766187502344, 620.69699999478, 620.660187499646, 
620.664562497998, 620.687937500149, 620.688375004995, 620.683000003216, 
620.671062505031, 620.665875004438, 620.619187501617, 620.585000003276, 
620.543461796314, 620.40074999484, 620.280374999208, 619.892086803937, 
619.617315798733, 619.327279798374, 618.945653495175, 618.577884799399, 
618.179112503276, 617.684687497569, 617.413657902551, 617.022124999334, 
616.58018749624, 616.21456249918, 616.057250004311, 615.825125003736, 
615.751062495823, 615.689687498716, 615.608624998825, 615.50112500022, 
615.384562497791, 615.192275297505, 615.010312500019, 614.719212195964, 
614.477749999033, 614.311062494615, 614.153624996066, 613.983749999398, 
613.849125000554, 613.590124995554, 613.294455598217, 612.962750000169, 
612.409312502819, 611.640759303679, 611.280250003343, 610.898396701532, 
610.412249999098, 609.792228704223, 609.179743601815, 608.589106404904, 
608.193305797946, 607.910398304938, 607.733437503417, 607.712874995017, 
607.809874995537, 607.874624995172, 608.05193749621, 608.139874999413, 
608.395000000748, 608.515000002784, 608.512999994879, 608.316999997925, 
608.072625005123, 607.868440099437, 607.605375005125, 607.487749997883, 
607.290562503779, 607.106374999257, 606.969625000267, 606.740687505388, 
606.540437504175, 606.32425000023, 606.063624997015, 605.914374996359, 
605.682312498299, 605.481999994672, 605.266000002514, 605.072125002089, 
604.922937505071, 604.678062495947, 604.569062496468, 604.394124995335, 
604.213500003604, 604.031874994885, 603.93625000098, 603.795875002129, 
603.75118750372, 603.677687503285, 603.536937501419, 603.488937501152, 
603.434437499738, 603.299999995223, 603.156187494736, 603.053812503231, 
602.957625004408, 602.874437501742, 602.72706250211, 602.634249995528, 
